NAME REALCASE
MAXVEHICLES 5
MAXCAPACITY 60
MAXDURATION 3
DEPOT 23.142 11.736
CUSTOMERS 94
SERVICETIME 0.15 
CUSTOMERDATA
0 0 0
1 3 4
2 4 5
3 18 20
4 5 3
5 21 14
6 8 4
7 4 5
8 4 4
9 3 4
10 19 10
11 17 25
12 6 8
13 8 6
14 8 5
15 3 2
16 14 11
17 17 17
18 7 7
19 4 3
20 4 4
21 5 3
22 13 10
23 4 3
24 3 3
25 3 4
26 4 3
27 4 4
28 4 4
29 5 3
30 3 3
31 8 5
32 3 2
33 3 4
34 12 18
35 5 7
36 3 2
37 17 10
38 4 5
39 3 3
40 3 2
41 11 11
42 5 3
43 4 6
44 6 5
45 3 3
46 7 6
47 13 13
48 10 10
49 12 8
50 8 12
51 8 10
52 7 10
53 3 4
54 7 8
55 5 7
56 3 2
57 4 3
58 9 5
59 12 10
60 14 12
61 4 3
62 3 4
63 5 4
64 3 2
65 3 3
66 15 10
67 10 13
68 3 2
69 9 13
70 7 9
71 3 2
72 12 6
73 10 13
74 7 8
75 3 4
76 6 8
77 3 2
78 3 3
79 3 2
80 3 4
81 3 3
82 3 2
83 4 2
84 4 3
85 3 2
86 7 9
87 3 3
88 7 10
89 10 10
90 3 2
91 5 6
92 3 4
93 3 3
94 6 8
EDGE WEIGHT
0.000 0.328 0.475 0.382 0.291 0.167 0.363 0.231 0.295 0.291 0.423 0.351 0.230 0.181 0.181 0.120 0.297 0.403 0.597 0.349 0.565 0.183 0.350 0.256 0.349 0.887 0.192 0.211 0.222 0.193 0.163 0.147 0.186 0.143 0.140 0.315 0.465 0.449 0.478 0.279 0.318 0.283 0.448 0.340 0.314 0.494 0.394 0.569 0.546 0.674 0.641 0.731 0.854 0.241 0.327 0.277 0.414 0.422 0.277 0.453 0.214 0.630 0.681 0.675 0.260 0.796 0.392 0.472 0.568 0.555 0.449 0.453 0.354 0.502 0.439 0.550 0.549 0.505 0.482 0.548 0.727 0.509 0.222 0.246 0.253 0.246 0.292 0.228 0.340 0.274 0.312 0.196 0.296 0.206 0.192
0.328 0.000 0.755 0.676 0.426 0.378 0.669 0.536 0.517 0.545 0.505 0.501 0.491 0.488 0.434 0.408 0.375 0.304 0.853 0.261 0.718 0.490 0.433 0.517 0.646 1.158 0.455 0.518 0.529 0.500 0.470 0.453 0.492 0.449 0.302 0.311 0.669 0.640 0.680 0.480 0.458 0.458 0.595 0.476 0.446 0.627 0.503 0.714 0.694 0.822 0.794 0.878 0.999 0.215 0.585 0.532 0.354 0.400 0.111 0.159 0.147 0.937 0.890 0.947 0.457 1.006 0.527 0.728 0.875 0.811 0.704 0.749 0.575 0.809 0.746 0.856 0.856 0.812 0.789 0.854 1.034 0.729 0.381 0.265 0.560 0.553 0.599 0.535 0.639 0.533 0.534 0.451 0.595 0.512 0.435
0.475 0.755 0.000 0.112 0.331 0.545 0.209 0.288 0.324 0.512 0.875 0.728 0.451 0.403 0.449 0.458 0.749 0.856 0.129 0.802 0.800 0.356 0.802 0.477 0.130 0.434 0.414 0.322 0.421 0.392 0.376 0.400 0.359 0.333 0.592 0.768 0.670 0.717 0.711 0.650 0.704 0.669 0.784 0.771 0.756 0.914 0.847 0.907 0.882 0.918 0.878 0.976 1.100 0.693 0.505 0.499 0.867 0.875 0.728 0.905 0.631 0.237 0.254 0.223 0.300 0.370 0.239 0.062 0.176 0.087 0.066 0.032 0.197 0.163 0.106 0.205 0.182 0.114 0.091 0.155 0.355 0.118 0.375 0.698 0.333 0.371 0.279 0.341 0.178 0.255 0.221 0.326 0.248 0.310 0.363
0.382 0.676 0.112 0.000 0.251 0.452 0.206 0.245 0.231 0.508 0.783 0.636 0.447 0.398 0.428 0.366 0.657 0.763 0.215 0.709 0.796 0.315 0.710 0.473 0.089 0.520 0.410 0.317 0.416 0.388 0.335 0.325 0.266 0.241 0.500 0.675 0.667 0.697 0.706 0.564 0.611 0.576 0.703 0.678 0.663 0.821 0.754 0.826 0.801 0.914 0.873 0.972 1.095 0.601 0.502 0.494 0.774 0.782 0.648 0.813 0.552 0.282 0.299 0.309 0.221 0.414 0.179 0.090 0.221 0.173 0.066 0.090 0.104 0.199 0.103 0.242 0.218 0.159 0.135 0.200 0.400 0.127 0.295 0.606 0.328 0.367 0.276 0.337 0.137 0.162 0.142 0.233 0.211 0.217 0.270
0.291 0.426 0.331 0.251 0.000 0.455 0.287 0.250 0.139 0.513 0.640 0.630 0.452 0.404 0.430 0.369 0.514 0.580 0.428 0.526 0.801 0.318 0.568 0.478 0.221 0.734 0.415 0.323 0.422 0.393 0.338 0.327 0.269 0.243 0.407 0.501 0.673 0.700 0.711 0.567 0.587 0.573 0.706 0.606 0.575 0.756 0.637 0.829 0.804 0.919 0.878 0.977 1.101 0.418 0.507 0.499 0.591 0.601 0.401 0.585 0.304 0.517 0.473 0.523 0.031 0.589 0.110 0.304 0.456 0.387 0.280 0.325 0.151 0.403 0.327 0.451 0.450 0.394 0.370 0.435 0.628 0.307 0.094 0.455 0.335 0.372 0.284 0.342 0.216 0.156 0.110 0.094 0.218 0.220 0.123
0.167 0.378 0.545 0.452 0.455 0.000 0.390 0.282 0.387 0.178 0.425 0.185 0.142 0.189 0.119 0.110 0.305 0.414 0.646 0.360 0.398 0.223 0.357 0.157 0.418 0.914 0.145 0.238 0.248 0.219 0.203 0.198 0.254 0.212 0.139 0.326 0.300 0.283 0.311 0.112 0.214 0.179 0.282 0.287 0.272 0.426 0.377 0.403 0.380 0.508 0.474 0.565 0.688 0.251 0.218 0.165 0.425 0.433 0.328 0.464 0.314 0.657 0.751 0.702 0.424 0.866 0.556 0.542 0.595 0.599 0.518 0.522 0.429 0.528 0.466 0.575 0.575 0.532 0.509 0.575 0.753 0.579 0.388 0.256 0.279 0.272 0.319 0.255 0.392 0.344 0.420 0.362 0.346 0.274 0.358
0.363 0.669 0.209 0.206 0.287 0.390 0.000 0.144 0.226 0.342 0.756 0.574 0.281 0.232 0.280 0.292 0.630 0.736 0.295 0.682 0.630 0.187 0.683 0.307 0.119 0.563 0.245 0.151 0.243 0.222 0.207 0.231 0.217 0.231 0.473 0.648 0.486 0.547 0.540 0.480 0.583 0.548 0.614 0.651 0.636 0.794 0.727 0.738 0.712 0.748 0.707 0.806 0.930 0.574 0.321 0.328 0.747 0.755 0.640 0.786 0.545 0.306 0.424 0.351 0.256 0.556 0.318 0.271 0.244 0.248 0.272 0.186 0.187 0.152 0.115 0.199 0.199 0.181 0.158 0.224 0.377 0.327 0.293 0.579 0.162 0.190 0.108 0.170 0.072 0.184 0.178 0.227 0.079 0.168 0.264
0.231 0.536 0.288 0.245 0.250 0.282 0.144 0.000 0.182 0.265 0.629 0.467 0.204 0.155 0.202 0.172 0.503 0.609 0.400 0.555 0.553 0.070 0.556 0.230 0.158 0.668 0.167 0.075 0.174 0.145 0.090 0.113 0.073 0.088 0.346 0.522 0.424 0.470 0.463 0.375 0.457 0.422 0.508 0.525 0.509 0.667 0.601 0.632 0.606 0.671 0.630 0.729 0.852 0.447 0.259 0.251 0.620 0.628 0.508 0.659 0.412 0.411 0.529 0.456 0.219 0.658 0.351 0.335 0.349 0.353 0.311 0.265 0.222 0.295 0.220 0.342 0.342 0.287 0.263 0.329 0.520 0.372 0.185 0.452 0.089 0.124 0.074 0.094 0.110 0.139 0.214 0.158 0.067 0.030 0.154
0.295 0.517 0.324 0.231 0.139 0.387 0.226 0.182 0.000 0.445 0.668 0.570 0.384 0.335 0.362 0.300 0.541 0.645 0.446 0.591 0.733 0.250 0.595 0.410 0.197 0.750 0.347 0.254 0.353 0.324 0.270 0.259 0.201 0.175 0.433 0.559 0.604 0.632 0.643 0.498 0.545 0.511 0.637 0.613 0.597 0.756 0.664 0.761 0.735 0.851 0.810 0.908 1.032 0.483 0.438 0.431 0.656 0.666 0.489 0.676 0.393 0.493 0.507 0.538 0.109 0.623 0.240 0.321 0.432 0.404 0.297 0.302 0.172 0.378 0.302 0.425 0.425 0.369 0.345 0.411 0.603 0.333 0.136 0.490 0.265 0.303 0.214 0.273 0.191 0.085 0.136 0.099 0.148 0.152 0.136
0.291 0.545 0.512 0.508 0.513 0.178 0.342 0.265 0.445 0.000 0.539 0.292 0.067 0.141 0.118 0.173 0.426 0.547 0.598 0.493 0.324 0.195 0.472 0.040 0.421 0.867 0.098 0.191 0.156 0.126 0.175 0.199 0.267 0.271 0.286 0.454 0.196 0.250 0.234 0.197 0.329 0.294 0.330 0.402 0.386 0.540 0.492 0.454 0.428 0.451 0.404 0.508 0.633 0.401 0.071 0.019 0.558 0.565 0.484 0.614 0.473 0.609 0.727 0.654 0.483 0.859 0.614 0.575 0.548 0.552 0.574 0.489 0.485 0.434 0.418 0.482 0.481 0.485 0.461 0.527 0.660 0.631 0.448 0.387 0.186 0.179 0.240 0.178 0.373 0.402 0.476 0.421 0.299 0.293 0.417
0.423 0.505 0.875 0.783 0.640 0.425 0.756 0.629 0.668 0.539 0.000 0.290 0.546 0.556 0.489 0.464 0.171 0.239 0.997 0.253 0.504 0.577 0.111 0.572 0.748 1.281 0.511 0.605 0.615 0.586 0.557 0.544 0.585 0.542 0.296 0.195 0.590 0.428 0.522 0.391 0.244 0.249 0.330 0.142 0.276 0.125 0.081 0.227 0.307 0.350 0.441 0.406 0.512 0.298 0.587 0.559 0.205 0.118 0.394 0.494 0.454 1.023 1.057 1.068 0.610 1.172 0.742 0.872 0.962 0.955 0.849 0.853 0.727 0.894 0.832 0.942 0.941 0.899 0.875 0.941 1.119 0.882 0.572 0.243 0.646 0.639 0.685 0.621 0.738 0.675 0.685 0.599 0.695 0.605 0.585
0.351 0.501 0.728 0.636 0.630 0.185 0.574 0.467 0.570 0.292 0.290 0.000 0.317 0.374 0.303 0.295 0.246 0.320 0.830 0.333 0.217 0.408 0.223 0.332 0.601 1.099 0.329 0.423 0.433 0.404 0.388 0.382 0.438 0.395 0.255 0.271 0.304 0.139 0.236 0.108 0.046 0.079 0.097 0.149 0.175 0.284 0.242 0.218 0.195 0.323 0.293 0.380 0.503 0.293 0.339 0.311 0.321 0.324 0.390 0.514 0.450 0.841 0.934 0.886 0.599 1.050 0.731 0.725 0.780 0.784 0.702 0.706 0.613 0.712 0.650 0.760 0.759 0.717 0.693 0.759 0.938 0.763 0.561 0.238 0.464 0.457 0.504 0.440 0.577 0.528 0.604 0.546 0.531 0.458 0.542
0.230 0.491 0.451 0.447 0.452 0.142 0.281 0.204 0.384 0.067 0.546 0.317 0.000 0.080 0.057 0.118 0.419 0.526 0.537 0.472 0.359 0.134 0.472 0.026 0.360 0.806 0.037 0.130 0.130 0.101 0.114 0.138 0.206 0.211 0.263 0.438 0.256 0.276 0.269 0.223 0.350 0.315 0.356 0.423 0.407 0.561 0.513 0.479 0.454 0.477 0.436 0.535 0.659 0.364 0.100 0.048 0.537 0.545 0.440 0.577 0.412 0.548 0.666 0.593 0.422 0.798 0.553 0.514 0.487 0.491 0.513 0.428 0.424 0.409 0.357 0.456 0.456 0.424 0.400 0.466 0.634 0.570 0.387 0.369 0.161 0.154 0.210 0.146 0.312 0.341 0.415 0.360 0.239 0.232 0.356
0.181 0.488 0.403 0.398 0.404 0.189 0.232 0.155 0.335 0.141 0.556 0.374 0.080 0.000 0.080 0.111 0.429 0.536 0.489 0.482 0.430 0.085 0.482 0.107 0.311 0.757 0.046 0.081 0.091 0.062 0.066 0.089 0.158 0.162 0.273 0.448 0.327 0.347 0.340 0.280 0.383 0.348 0.414 0.451 0.436 0.594 0.527 0.537 0.512 0.548 0.507 0.605 0.730 0.374 0.178 0.128 0.547 0.555 0.449 0.586 0.364 0.500 0.618 0.544 0.373 0.750 0.505 0.465 0.438 0.442 0.465 0.380 0.376 0.371 0.308 0.419 0.418 0.375 0.351 0.417 0.597 0.521 0.339 0.379 0.122 0.115 0.162 0.098 0.264 0.293 0.367 0.311 0.190 0.184 0.307
0.181 0.434 0.449 0.428 0.430 0.119 0.280 0.202 0.362 0.118 0.489 0.303 0.057 0.080 0.000 0.062 0.363 0.470 0.536 0.416 0.405 0.132 0.416 0.083 0.358 0.805 0.035 0.129 0.139 0.110 0.112 0.136 0.205 0.187 0.206 0.382 0.303 0.314 0.316 0.209 0.316 0.282 0.343 0.385 0.369 0.528 0.461 0.466 0.441 0.523 0.482 0.581 0.705 0.307 0.157 0.104 0.481 0.489 0.384 0.520 0.364 0.547 0.665 0.592 0.400 0.797 0.532 0.512 0.486 0.490 0.494 0.427 0.405 0.418 0.356 0.465 0.465 0.423 0.399 0.465 0.643 0.555 0.365 0.312 0.170 0.163 0.210 0.145 0.310 0.320 0.396 0.338 0.237 0.231 0.334
0.120 0.408 0.458 0.366 0.369 0.110 0.292 0.172 0.300 0.173 0.464 0.295 0.118 0.111 0.062 0.000 0.338 0.444 0.549 0.390 0.448 0.113 0.391 0.145 0.329 0.817 0.082 0.141 0.152 0.123 0.093 0.087 0.168 0.126 0.181 0.357 0.346 0.331 0.359 0.203 0.292 0.257 0.337 0.360 0.344 0.502 0.436 0.460 0.435 0.563 0.524 0.620 0.744 0.282 0.212 0.160 0.455 0.463 0.357 0.494 0.302 0.559 0.664 0.604 0.338 0.780 0.470 0.456 0.498 0.502 0.432 0.436 0.343 0.432 0.368 0.479 0.479 0.435 0.411 0.477 0.657 0.493 0.303 0.287 0.182 0.176 0.222 0.158 0.282 0.258 0.334 0.276 0.238 0.188 0.272
0.297 0.375 0.749 0.657 0.514 0.305 0.630 0.503 0.541 0.426 0.171 0.246 0.419 0.429 0.363 0.338 0.000 0.185 0.871 0.197 0.461 0.451 0.099 0.446 0.622 1.154 0.385 0.478 0.488 0.459 0.431 0.418 0.459 0.416 0.170 0.066 0.488 0.385 0.465 0.297 0.201 0.206 0.290 0.164 0.212 0.294 0.168 0.396 0.387 0.515 0.522 0.572 0.681 0.167 0.474 0.445 0.186 0.186 0.263 0.387 0.324 0.897 0.930 0.942 0.483 1.046 0.615 0.746 0.835 0.829 0.723 0.727 0.600 0.768 0.706 0.815 0.815 0.772 0.749 0.815 0.993 0.756 0.445 0.112 0.519 0.512 0.559 0.495 0.612 0.549 0.559 0.472 0.569 0.479 0.458
0.403 0.304 0.856 0.763 0.580 0.414 0.736 0.609 0.645 0.547 0.239 0.320 0.526 0.536 0.470 0.444 0.185 0.000 0.977 0.071 0.534 0.557 0.171 0.552 0.729 1.261 0.491 0.585 0.595 0.566 0.537 0.525 0.565 0.522 0.289 0.119 0.610 0.458 0.552 0.419 0.274 0.280 0.363 0.237 0.304 0.358 0.237 0.462 0.460 0.586 0.595 0.640 0.746 0.163 0.595 0.567 0.081 0.124 0.192 0.287 0.289 1.003 1.034 1.048 0.587 1.149 0.683 0.853 0.942 0.935 0.829 0.833 0.704 0.874 0.812 0.922 0.922 0.879 0.855 0.921 1.100 0.860 0.533 0.181 0.626 0.619 0.666 0.602 0.719 0.655 0.662 0.576 0.675 0.585 0.562
0.597 0.853 0.129 0.215 0.428 0.646 0.295 0.400 0.446 0.598 0.997 0.830 0.537 0.489 0.536 0.549 0.871 0.977 0.000 0.923 0.887 0.443 0.924 0.563 0.259 0.327 0.501 0.408 0.504 0.478 0.463 0.487 0.473 0.455 0.714 0.890 0.747 0.804 0.797 0.737 0.825 0.790 0.870 0.893 0.877 1.036 0.969 0.994 0.969 1.005 0.964 1.062 1.187 0.815 0.581 0.585 0.989 0.997 0.826 1.012 0.729 0.112 0.166 0.094 0.398 0.303 0.337 0.125 0.116 0.067 0.164 0.161 0.306 0.199 0.180 0.165 0.193 0.124 0.138 0.113 0.230 0.181 0.472 0.820 0.419 0.450 0.365 0.427 0.291 0.377 0.319 0.435 0.335 0.424 0.472
0.349 0.261 0.802 0.709 0.526 0.360 0.682 0.555 0.591 0.493 0.253 0.333 0.472 0.482 0.416 0.390 0.197 0.071 0.923 0.000 0.547 0.503 0.185 0.498 0.675 1.207 0.437 0.531 0.541 0.512 0.483 0.471 0.511 0.468 0.234 0.132 0.555 0.471 0.550 0.364 0.287 0.292 0.376 0.251 0.297 0.376 0.250 0.477 0.474 0.601 0.609 0.656 0.763 0.116 0.540 0.512 0.119 0.149 0.149 0.244 0.246 0.949 0.980 0.994 0.533 1.095 0.629 0.799 0.888 0.881 0.775 0.779 0.650 0.820 0.758 0.868 0.868 0.825 0.801 0.867 1.046 0.806 0.479 0.116 0.572 0.565 0.612 0.548 0.665 0.601 0.608 0.522 0.621 0.531 0.508
0.565 0.718 0.800 0.796 0.801 0.398 0.630 0.553 0.733 0.324 0.504 0.217 0.359 0.430 0.405 0.448 0.461 0.534 0.887 0.547 0.000 0.483 0.437 0.364 0.709 1.155 0.386 0.479 0.452 0.450 0.463 0.487 0.556 0.560 0.471 0.485 0.162 0.166 0.090 0.286 0.260 0.296 0.226 0.364 0.392 0.462 0.456 0.351 0.273 0.237 0.140 0.341 0.467 0.510 0.317 0.343 0.536 0.538 0.606 0.730 0.667 0.897 1.016 0.942 0.771 1.147 0.902 0.863 0.836 0.840 0.862 0.778 0.773 0.705 0.706 0.752 0.752 0.773 0.749 0.815 0.930 0.919 0.736 0.455 0.490 0.451 0.544 0.482 0.661 0.690 0.764 0.709 0.588 0.582 0.705
0.183 0.490 0.356 0.315 0.318 0.223 0.187 0.070 0.250 0.195 0.577 0.408 0.134 0.085 0.132 0.113 0.451 0.557 0.443 0.503 0.483 0.000 0.504 0.160 0.228 0.712 0.097 0.036 0.126 0.097 0.020 0.043 0.073 0.077 0.294 0.469 0.380 0.400 0.393 0.315 0.404 0.370 0.449 0.473 0.457 0.615 0.549 0.572 0.547 0.601 0.560 0.659 0.783 0.395 0.219 0.181 0.568 0.576 0.461 0.607 0.366 0.454 0.572 0.499 0.288 0.704 0.419 0.404 0.393 0.397 0.381 0.334 0.292 0.338 0.263 0.386 0.385 0.330 0.306 0.372 0.564 0.442 0.253 0.400 0.090 0.084 0.117 0.053 0.180 0.207 0.283 0.226 0.136 0.099 0.222
0.350 0.433 0.802 0.710 0.568 0.357 0.683 0.556 0.595 0.472 0.111 0.223 0.472 0.482 0.416 0.391 0.099 0.171 0.924 0.185 0.437 0.504 0.000 0.499 0.675 1.207 0.438 0.531 0.541 0.512 0.484 0.471 0.512 0.469 0.223 0.123 0.524 0.361 0.455 0.324 0.177 0.183 0.266 0.107 0.207 0.233 0.107 0.335 0.330 0.458 0.465 0.514 0.620 0.226 0.519 0.491 0.173 0.146 0.322 0.427 0.382 0.950 0.984 0.995 0.537 1.099 0.669 0.799 0.888 0.882 0.776 0.780 0.654 0.821 0.759 0.868 0.868 0.825 0.802 0.868 1.046 0.809 0.499 0.170 0.572 0.565 0.612 0.548 0.665 0.602 0.612 0.526 0.622 0.532 0.512
0.256 0.517 0.477 0.473 0.478 0.157 0.307 0.230 0.410 0.040 0.572 0.332 0.026 0.107 0.083 0.145 0.446 0.552 0.563 0.498 0.364 0.160 0.499 0.000 0.386 0.832 0.064 0.156 0.115 0.086 0.140 0.164 0.233 0.237 0.289 0.464 0.237 0.291 0.274 0.238 0.364 0.330 0.371 0.438 0.422 0.576 0.528 0.494 0.469 0.491 0.445 0.549 0.673 0.390 0.074 0.021 0.564 0.571 0.466 0.603 0.439 0.574 0.692 0.619 0.448 0.824 0.579 0.540 0.513 0.517 0.539 0.455 0.450 0.394 0.383 0.441 0.441 0.450 0.426 0.492 0.619 0.596 0.413 0.395 0.146 0.138 0.200 0.137 0.338 0.367 0.441 0.386 0.265 0.259 0.382
0.349 0.646 0.130 0.089 0.221 0.418 0.119 0.158 0.197 0.421 0.748 0.601 0.360 0.311 0.358 0.329 0.622 0.729 0.259 0.675 0.709 0.228 0.675 0.386 0.000 0.555 0.323 0.230 0.329 0.301 0.248 0.271 0.229 0.206 0.465 0.641 0.580 0.626 0.619 0.529 0.577 0.542 0.665 0.644 0.629 0.787 0.720 0.789 0.763 0.827 0.786 0.885 1.009 0.566 0.415 0.407 0.740 0.748 0.618 0.778 0.522 0.297 0.384 0.342 0.191 0.500 0.206 0.179 0.236 0.217 0.156 0.107 0.070 0.183 0.106 0.231 0.230 0.173 0.149 0.215 0.409 0.217 0.265 0.571 0.241 0.280 0.189 0.250 0.048 0.128 0.112 0.199 0.124 0.181 0.236
0.887 1.158 0.434 0.520 0.734 0.914 0.563 0.668 0.750 0.867 1.281 1.099 0.806 0.757 0.805 0.817 1.154 1.261 0.327 1.207 1.155 0.712 1.207 0.832 0.555 0.000 0.770 0.676 0.766 0.747 0.732 0.755 0.742 0.756 0.998 1.173 1.009 1.072 1.065 1.005 1.108 1.073 1.139 1.176 1.161 1.319 1.252 1.262 1.237 1.273 1.232 1.331 1.455 1.099 0.844 0.853 1.272 1.280 1.131 1.311 1.034 0.258 0.302 0.233 0.703 0.152 0.631 0.430 0.374 0.372 0.469 0.466 0.611 0.456 0.449 0.415 0.444 0.382 0.407 0.371 0.234 0.442 0.778 1.104 0.687 0.713 0.633 0.695 0.559 0.682 0.624 0.740 0.603 0.693 0.777
0.192 0.455 0.414 0.410 0.415 0.145 0.245 0.167 0.347 0.098 0.511 0.329 0.037 0.046 0.035 0.082 0.385 0.491 0.501 0.437 0.386 0.097 0.438 0.064 0.323 0.770 0.000 0.094 0.104 0.075 0.077 0.101 0.170 0.174 0.228 0.403 0.283 0.303 0.296 0.235 0.338 0.303 0.369 0.406 0.391 0.549 0.482 0.493 0.467 0.504 0.463 0.562 0.685 0.329 0.135 0.085 0.502 0.510 0.404 0.541 0.375 0.512 0.630 0.557 0.385 0.762 0.516 0.477 0.451 0.455 0.476 0.392 0.387 0.384 0.321 0.432 0.431 0.388 0.364 0.430 0.609 0.533 0.350 0.334 0.135 0.128 0.175 0.111 0.275 0.304 0.378 0.323 0.202 0.196 0.319
0.211 0.518 0.322 0.317 0.323 0.238 0.151 0.075 0.254 0.191 0.605 0.423 0.130 0.081 0.129 0.141 0.478 0.585 0.408 0.531 0.479 0.036 0.531 0.156 0.230 0.676 0.094 0.000 0.099 0.070 0.056 0.080 0.078 0.082 0.321 0.497 0.350 0.396 0.389 0.329 0.432 0.397 0.463 0.500 0.485 0.643 0.576 0.586 0.561 0.597 0.556 0.654 0.779 0.422 0.184 0.177 0.596 0.604 0.489 0.635 0.394 0.419 0.537 0.463 0.293 0.669 0.424 0.384 0.357 0.361 0.384 0.299 0.295 0.302 0.227 0.350 0.349 0.294 0.270 0.336 0.528 0.440 0.258 0.427 0.054 0.050 0.081 0.019 0.183 0.212 0.286 0.231 0.109 0.104 0.227
0.222 0.529 0.421 0.416 0.422 0.248 0.243 0.174 0.353 0.156 0.615 0.433 0.130 0.091 0.139 0.152 0.488 0.595 0.504 0.541 0.452 0.126 0.541 0.115 0.329 0.766 0.104 0.099 0.000 0.029 0.106 0.130 0.176 0.181 0.332 0.507 0.301 0.406 0.370 0.339 0.442 0.407 0.473 0.510 0.495 0.653 0.586 0.596 0.571 0.606 0.540 0.664 0.789 0.433 0.136 0.136 0.606 0.614 0.500 0.645 0.405 0.508 0.633 0.554 0.391 0.764 0.523 0.483 0.448 0.457 0.483 0.398 0.394 0.311 0.326 0.358 0.358 0.390 0.365 0.432 0.536 0.539 0.357 0.438 0.089 0.053 0.143 0.080 0.282 0.311 0.385 0.330 0.208 0.202 0.326
0.193 0.500 0.392 0.388 0.393 0.219 0.222 0.145 0.324 0.126 0.586 0.404 0.101 0.062 0.110 0.123 0.459 0.566 0.478 0.512 0.450 0.097 0.512 0.086 0.301 0.747 0.075 0.070 0.029 0.000 0.077 0.101 0.148 0.152 0.303 0.478 0.303 0.377 0.360 0.310 0.413 0.378 0.444 0.481 0.466 0.624 0.557 0.567 0.542 0.577 0.531 0.635 0.759 0.404 0.138 0.107 0.577 0.585 0.470 0.616 0.376 0.489 0.607 0.534 0.363 0.739 0.495 0.454 0.428 0.432 0.454 0.369 0.365 0.309 0.298 0.357 0.356 0.364 0.341 0.407 0.535 0.510 0.328 0.409 0.060 0.053 0.114 0.051 0.253 0.282 0.356 0.301 0.179 0.174 0.297
0.163 0.470 0.376 0.335 0.338 0.203 0.207 0.090 0.270 0.175 0.557 0.388 0.114 0.066 0.112 0.093 0.431 0.537 0.463 0.483 0.463 0.020 0.484 0.140 0.248 0.732 0.077 0.056 0.106 0.077 0.000 0.024 0.092 0.096 0.274 0.449 0.361 0.380 0.373 0.295 0.385 0.350 0.429 0.453 0.437 0.595 0.529 0.552 0.527 0.581 0.540 0.639 0.763 0.375 0.211 0.161 0.548 0.556 0.441 0.587 0.346 0.474 0.592 0.519 0.307 0.724 0.439 0.424 0.413 0.417 0.401 0.353 0.312 0.358 0.283 0.406 0.405 0.350 0.326 0.392 0.584 0.462 0.273 0.380 0.110 0.103 0.137 0.073 0.200 0.227 0.303 0.246 0.156 0.118 0.242
0.147 0.453 0.400 0.325 0.327 0.198 0.231 0.113 0.259 0.199 0.544 0.382 0.138 0.089 0.136 0.087 0.418 0.525 0.487 0.471 0.487 0.043 0.471 0.164 0.271 0.755 0.101 0.080 0.130 0.101 0.024 0.000 0.116 0.084 0.261 0.437 0.384 0.403 0.397 0.290 0.372 0.337 0.423 0.440 0.425 0.583 0.516 0.547 0.522 0.605 0.564 0.662 0.786 0.362 0.235 0.185 0.536 0.544 0.424 0.574 0.329 0.497 0.616 0.542 0.297 0.739 0.429 0.414 0.436 0.440 0.391 0.377 0.302 0.382 0.307 0.429 0.429 0.373 0.350 0.415 0.607 0.452 0.262 0.367 0.133 0.127 0.160 0.096 0.223 0.217 0.293 0.235 0.180 0.142 0.231
0.186 0.492 0.359 0.266 0.269 0.254 0.217 0.073 0.201 0.267 0.585 0.438 0.206 0.158 0.205 0.168 0.459 0.565 0.473 0.511 0.556 0.073 0.512 0.233 0.229 0.742 0.170 0.078 0.176 0.148 0.092 0.116 0.000 0.043 0.302 0.477 0.427 0.472 0.466 0.366 0.413 0.378 0.505 0.481 0.465 0.623 0.557 0.628 0.603 0.674 0.633 0.731 0.855 0.403 0.262 0.254 0.576 0.584 0.463 0.615 0.368 0.484 0.565 0.529 0.238 0.680 0.370 0.356 0.423 0.427 0.332 0.336 0.243 0.368 0.293 0.416 0.415 0.360 0.336 0.402 0.594 0.393 0.204 0.408 0.132 0.127 0.147 0.097 0.182 0.158 0.235 0.177 0.139 0.049 0.173
0.143 0.449 0.333 0.241 0.243 0.212 0.231 0.088 0.175 0.271 0.542 0.395 0.211 0.162 0.187 0.126 0.416 0.522 0.455 0.468 0.560 0.077 0.469 0.237 0.206 0.756 0.174 0.082 0.181 0.152 0.096 0.084 0.043 0.000 0.259 0.435 0.432 0.457 0.470 0.323 0.371 0.336 0.462 0.438 0.422 0.580 0.514 0.586 0.561 0.678 0.637 0.735 0.859 0.360 0.266 0.258 0.533 0.541 0.420 0.572 0.325 0.498 0.539 0.543 0.213 0.655 0.344 0.330 0.437 0.413 0.307 0.311 0.218 0.383 0.307 0.430 0.430 0.374 0.350 0.416 0.608 0.368 0.178 0.365 0.136 0.131 0.161 0.101 0.196 0.133 0.209 0.151 0.153 0.063 0.146
0.140 0.302 0.592 0.500 0.407 0.139 0.473 0.346 0.433 0.286 0.296 0.255 0.263 0.273 0.206 0.181 0.170 0.289 0.714 0.234 0.471 0.294 0.223 0.289 0.465 0.998 0.228 0.321 0.332 0.303 0.274 0.261 0.302 0.259 0.000 0.196 0.380 0.358 0.391 0.191 0.213 0.178 0.350 0.234 0.204 0.385 0.284 0.470 0.448 0.576 0.547 0.633 0.755 0.127 0.334 0.297 0.299 0.306 0.210 0.340 0.237 0.740 0.798 0.785 0.377 0.914 0.509 0.589 0.679 0.672 0.566 0.570 0.477 0.611 0.549 0.658 0.658 0.616 0.592 0.658 0.836 0.627 0.339 0.128 0.362 0.356 0.402 0.338 0.455 0.392 0.450 0.334 0.412 0.322 0.330
0.315 0.311 0.768 0.675 0.501 0.326 0.648 0.522 0.559 0.454 0.195 0.271 0.438 0.448 0.382 0.357 0.066 0.119 0.890 0.132 0.485 0.469 0.123 0.464 0.641 1.173 0.403 0.497 0.507 0.478 0.449 0.437 0.477 0.435 0.196 0.000 0.516 0.409 0.494 0.325 0.225 0.231 0.315 0.189 0.242 0.318 0.193 0.420 0.412 0.540 0.547 0.597 0.706 0.104 0.502 0.474 0.121 0.121 0.200 0.323 0.260 0.915 0.948 0.960 0.501 1.063 0.604 0.765 0.854 0.848 0.741 0.745 0.618 0.786 0.724 0.834 0.834 0.791 0.767 0.833 1.012 0.774 0.454 0.085 0.538 0.531 0.578 0.514 0.631 0.567 0.576 0.490 0.587 0.497 0.476
0.465 0.669 0.670 0.667 0.673 0.300 0.486 0.424 0.604 0.196 0.590 0.304 0.256 0.327 0.303 0.346 0.488 0.610 0.747 0.555 0.162 0.380 0.524 0.237 0.580 1.009 0.283 0.350 0.301 0.303 0.361 0.384 0.427 0.432 0.380 0.516 0.000 0.220 0.073 0.207 0.346 0.341 0.323 0.450 0.442 0.559 0.543 0.447 0.370 0.340 0.244 0.443 0.569 0.466 0.165 0.215 0.620 0.625 0.558 0.688 0.604 0.751 0.876 0.796 0.642 1.007 0.774 0.732 0.691 0.700 0.733 0.647 0.644 0.553 0.573 0.601 0.601 0.633 0.608 0.675 0.779 0.788 0.608 0.450 0.339 0.300 0.393 0.331 0.532 0.561 0.635 0.581 0.459 0.453 0.576
0.449 0.640 0.717 0.697 0.700 0.283 0.547 0.470 0.632 0.250 0.428 0.139 0.276 0.347 0.314 0.331 0.385 0.458 0.804 0.471 0.166 0.400 0.361 0.291 0.626 1.072 0.303 0.396 0.406 0.377 0.380 0.403 0.472 0.457 0.358 0.409 0.220 0.000 0.151 0.171 0.184 0.186 0.156 0.287 0.314 0.392 0.380 0.281 0.254 0.283 0.242 0.341 0.464 0.432 0.297 0.269 0.460 0.462 0.529 0.653 0.583 0.815 0.933 0.860 0.669 1.065 0.801 0.779 0.753 0.757 0.763 0.694 0.674 0.684 0.624 0.732 0.732 0.690 0.667 0.733 0.910 0.824 0.635 0.377 0.437 0.429 0.477 0.413 0.578 0.589 0.666 0.607 0.504 0.498 0.603
0.478 0.680 0.711 0.706 0.711 0.311 0.540 0.463 0.643 0.234 0.522 0.236 0.269 0.340 0.316 0.359 0.465 0.552 0.797 0.550 0.090 0.393 0.455 0.274 0.619 1.065 0.296 0.389 0.370 0.360 0.373 0.397 0.466 0.470 0.391 0.494 0.073 0.151 0.000 0.201 0.278 0.273 0.250 0.382 0.373 0.486 0.474 0.374 0.297 0.267 0.171 0.370 0.496 0.476 0.234 0.253 0.554 0.556 0.568 0.698 0.616 0.807 0.926 0.852 0.681 1.058 0.813 0.773 0.746 0.750 0.773 0.688 0.684 0.622 0.616 0.670 0.669 0.683 0.659 0.725 0.847 0.829 0.646 0.437 0.407 0.369 0.461 0.399 0.572 0.601 0.675 0.619 0.498 0.492 0.615
0.279 0.480 0.650 0.564 0.567 0.112 0.480 0.375 0.498 0.197 0.391 0.108 0.223 0.280 0.209 0.203 0.297 0.419 0.737 0.364 0.286 0.315 0.324 0.238 0.529 1.005 0.235 0.329 0.339 0.310 0.295 0.290 0.366 0.323 0.191 0.325 0.207 0.171 0.201 0.000 0.147 0.142 0.174 0.250 0.240 0.388 0.343 0.298 0.272 0.400 0.362 0.457 0.581 0.276 0.245 0.216 0.423 0.425 0.368 0.498 0.415 0.748 0.862 0.792 0.536 0.978 0.668 0.653 0.686 0.690 0.630 0.627 0.541 0.619 0.557 0.666 0.666 0.623 0.600 0.665 0.844 0.691 0.500 0.259 0.370 0.363 0.410 0.346 0.484 0.456 0.532 0.474 0.437 0.386 0.470
0.318 0.458 0.704 0.611 0.587 0.214 0.583 0.457 0.545 0.329 0.244 0.046 0.350 0.383 0.316 0.292 0.201 0.274 0.825 0.287 0.260 0.404 0.177 0.364 0.577 1.108 0.338 0.432 0.442 0.413 0.385 0.372 0.413 0.371 0.213 0.225 0.346 0.184 0.278 0.147 0.000 0.037 0.137 0.104 0.133 0.241 0.196 0.258 0.235 0.363 0.336 0.420 0.543 0.251 0.376 0.348 0.276 0.278 0.347 0.471 0.407 0.850 0.910 0.895 0.557 1.025 0.688 0.701 0.789 0.783 0.677 0.681 0.588 0.721 0.659 0.769 0.768 0.726 0.702 0.768 0.947 0.738 0.518 0.195 0.473 0.466 0.513 0.449 0.566 0.503 0.579 0.514 0.523 0.433 0.509
0.283 0.458 0.669 0.576 0.573 0.179 0.548 0.422 0.511 0.294 0.249 0.079 0.315 0.348 0.282 0.257 0.206 0.280 0.790 0.292 0.296 0.370 0.183 0.330 0.542 1.073 0.303 0.397 0.407 0.378 0.350 0.337 0.378 0.336 0.178 0.231 0.341 0.186 0.273 0.142 0.037 0.000 0.174 0.109 0.132 0.247 0.202 0.293 0.273 0.401 0.372 0.457 0.578 0.251 0.341 0.313 0.281 0.284 0.347 0.471 0.403 0.815 0.875 0.860 0.542 0.990 0.674 0.666 0.754 0.749 0.642 0.646 0.553 0.686 0.624 0.734 0.733 0.691 0.667 0.733 0.912 0.703 0.504 0.195 0.438 0.431 0.478 0.414 0.531 0.468 0.545 0.479 0.488 0.398 0.475
0.448 0.595 0.784 0.703 0.706 0.282 0.614 0.508 0.637 0.330 0.330 0.097 0.356 0.414 0.343 0.337 0.290 0.363 0.870 0.376 0.226 0.449 0.266 0.371 0.665 1.139 0.369 0.463 0.473 0.444 0.429 0.423 0.505 0.462 0.350 0.315 0.323 0.156 0.250 0.174 0.137 0.174 0.000 0.188 0.270 0.236 0.282 0.124 0.098 0.226 0.233 0.283 0.407 0.388 0.378 0.349 0.364 0.367 0.484 0.608 0.544 0.881 1.000 0.926 0.675 1.117 0.807 0.792 0.820 0.824 0.769 0.761 0.680 0.752 0.690 0.800 0.799 0.757 0.733 0.799 0.978 0.830 0.640 0.333 0.504 0.497 0.544 0.480 0.618 0.595 0.671 0.613 0.571 0.525 0.609
0.340 0.476 0.771 0.678 0.606 0.287 0.651 0.525 0.613 0.402 0.142 0.149 0.423 0.451 0.385 0.360 0.164 0.237 0.893 0.251 0.364 0.473 0.107 0.438 0.644 1.176 0.406 0.500 0.510 0.481 0.453 0.440 0.481 0.438 0.234 0.189 0.450 0.287 0.382 0.250 0.104 0.109 0.188 0.000 0.151 0.191 0.095 0.239 0.223 0.351 0.359 0.408 0.524 0.269 0.449 0.421 0.239 0.181 0.365 0.489 0.425 0.919 0.977 0.963 0.575 1.092 0.707 0.768 0.857 0.851 0.745 0.749 0.656 0.790 0.728 0.837 0.837 0.794 0.771 0.836 1.015 0.806 0.537 0.213 0.541 0.534 0.581 0.517 0.634 0.571 0.647 0.535 0.591 0.501 0.531
0.314 0.446 0.756 0.663 0.575 0.272 0.636 0.509 0.597 0.386 0.276 0.175 0.407 0.436 0.369 0.344 0.212 0.304 0.877 0.297 0.392 0.457 0.207 0.422 0.629 1.161 0.391 0.485 0.495 0.466 0.437 0.425 0.465 0.422 0.204 0.242 0.442 0.314 0.373 0.240 0.133 0.132 0.270 0.151 0.000 0.327 0.228 0.388 0.368 0.496 0.468 0.553 0.673 0.239 0.434 0.406 0.305 0.308 0.335 0.459 0.395 0.903 0.962 0.948 0.545 1.077 0.677 0.753 0.842 0.835 0.729 0.733 0.640 0.774 0.712 0.822 0.821 0.779 0.755 0.821 1.000 0.790 0.507 0.184 0.526 0.519 0.566 0.502 0.619 0.555 0.620 0.509 0.575 0.485 0.505
0.494 0.627 0.914 0.821 0.756 0.426 0.794 0.667 0.756 0.540 0.125 0.284 0.561 0.594 0.528 0.502 0.294 0.358 1.036 0.376 0.462 0.615 0.233 0.576 0.787 1.319 0.549 0.643 0.653 0.624 0.595 0.583 0.623 0.580 0.385 0.318 0.559 0.392 0.486 0.388 0.241 0.247 0.236 0.191 0.327 0.000 0.169 0.112 0.204 0.235 0.331 0.282 0.388 0.419 0.588 0.559 0.321 0.234 0.515 0.617 0.576 1.061 1.120 1.106 0.726 1.235 0.857 0.911 1.000 0.994 0.887 0.891 0.798 0.932 0.870 0.980 0.979 0.937 0.913 0.979 1.158 0.948 0.687 0.364 0.684 0.677 0.724 0.660 0.777 0.713 0.790 0.689 0.733 0.643 0.685
0.394 0.503 0.847 0.754 0.637 0.377 0.727 0.601 0.664 0.492 0.081 0.242 0.513 0.527 0.461 0.436 0.168 0.237 0.969 0.250 0.456 0.549 0.107 0.528 0.720 1.252 0.482 0.576 0.586 0.557 0.529 0.516 0.557 0.514 0.284 0.193 0.543 0.380 0.474 0.343 0.196 0.202 0.282 0.095 0.228 0.169 0.000 0.265 0.293 0.385 0.426 0.441 0.550 0.295 0.539 0.511 0.222 0.134 0.391 0.492 0.452 0.994 1.053 1.039 0.607 1.168 0.738 0.844 0.933 0.927 0.821 0.825 0.723 0.866 0.804 0.913 0.913 0.870 0.846 0.912 1.091 0.879 0.568 0.240 0.617 0.610 0.657 0.593 0.710 0.647 0.682 0.589 0.667 0.577 0.581
0.569 0.714 0.907 0.826 0.829 0.403 0.738 0.632 0.761 0.454 0.227 0.218 0.479 0.537 0.466 0.460 0.396 0.462 0.994 0.477 0.351 0.572 0.335 0.494 0.789 1.262 0.493 0.586 0.596 0.567 0.552 0.547 0.628 0.586 0.470 0.420 0.447 0.281 0.374 0.298 0.258 0.293 0.124 0.239 0.388 0.112 0.265 0.000 0.093 0.123 0.219 0.179 0.285 0.506 0.501 0.473 0.425 0.338 0.602 0.719 0.662 1.005 1.123 1.050 0.799 1.240 0.930 0.916 0.943 0.947 0.893 0.884 0.804 0.876 0.814 0.923 0.923 0.880 0.857 0.923 1.101 0.953 0.764 0.451 0.627 0.620 0.667 0.603 0.742 0.719 0.795 0.736 0.694 0.648 0.732
0.546 0.694 0.882 0.801 0.804 0.380 0.712 0.606 0.735 0.428 0.307 0.195 0.454 0.512 0.441 0.435 0.387 0.460 0.969 0.474 0.273 0.547 0.330 0.469 0.763 1.237 0.467 0.561 0.571 0.542 0.527 0.522 0.603 0.561 0.448 0.412 0.370 0.254 0.297 0.272 0.235 0.273 0.098 0.223 0.368 0.204 0.293 0.093 0.000 0.128 0.135 0.185 0.309 0.486 0.476 0.448 0.461 0.380 0.582 0.706 0.642 0.979 1.098 1.024 0.773 1.215 0.905 0.891 0.918 0.922 0.867 0.859 0.778 0.850 0.788 0.898 0.898 0.855 0.831 0.897 1.076 0.928 0.738 0.431 0.602 0.595 0.642 0.578 0.716 0.693 0.769 0.711 0.669 0.623 0.707
0.674 0.822 0.918 0.914 0.919 0.508 0.748 0.671 0.851 0.451 0.350 0.323 0.477 0.548 0.523 0.563 0.515 0.586 1.005 0.601 0.237 0.601 0.458 0.491 0.827 1.273 0.504 0.597 0.606 0.577 0.581 0.605 0.674 0.678 0.576 0.540 0.340 0.283 0.267 0.400 0.363 0.401 0.226 0.351 0.496 0.235 0.385 0.123 0.128 0.000 0.097 0.105 0.231 0.614 0.497 0.470 0.549 0.461 0.710 0.834 0.771 1.015 1.134 1.060 0.889 1.265 1.020 0.981 0.954 0.958 0.980 0.896 0.891 0.885 0.824 0.932 0.932 0.891 0.867 0.933 1.110 1.037 0.854 0.559 0.637 0.630 0.678 0.614 0.779 0.808 0.882 0.827 0.706 0.700 0.823
0.641 0.794 0.878 0.873 0.878 0.474 0.707 0.630 0.810 0.404 0.441 0.293 0.436 0.507 0.482 0.524 0.522 0.595 0.964 0.609 0.140 0.560 0.465 0.445 0.786 1.232 0.463 0.556 0.540 0.531 0.540 0.564 0.633 0.637 0.547 0.547 0.244 0.242 0.171 0.362 0.336 0.372 0.233 0.359 0.468 0.331 0.426 0.219 0.135 0.097 0.000 0.201 0.327 0.586 0.405 0.423 0.597 0.514 0.682 0.806 0.742 0.975 1.093 1.019 0.848 1.225 0.980 0.940 0.913 0.917 0.939 0.855 0.850 0.793 0.783 0.840 0.840 0.850 0.826 0.892 1.018 0.996 0.813 0.531 0.578 0.539 0.632 0.570 0.738 0.768 0.842 0.786 0.665 0.659 0.782
0.731 0.878 0.976 0.972 0.977 0.565 0.806 0.729 0.908 0.508 0.406 0.380 0.535 0.605 0.581 0.620 0.572 0.640 1.062 0.656 0.341 0.659 0.514 0.549 0.885 1.331 0.562 0.654 0.664 0.635 0.639 0.662 0.731 0.735 0.633 0.597 0.443 0.341 0.370 0.457 0.420 0.457 0.283 0.408 0.553 0.282 0.441 0.179 0.185 0.105 0.201 0.000 0.169 0.671 0.554 0.527 0.603 0.516 0.767 0.891 0.827 1.073 1.191 1.118 0.946 1.323 1.078 1.038 1.012 1.016 1.038 0.953 0.949 0.943 0.882 0.990 0.990 0.949 0.925 0.991 1.168 1.094 0.912 0.615 0.695 0.687 0.735 0.671 0.837 0.866 0.940 0.885 0.763 0.757 0.881
0.854 0.999 1.100 1.095 1.101 0.688 0.930 0.852 1.032 0.633 0.512 0.503 0.659 0.730 0.705 0.744 0.681 0.746 1.187 0.763 0.467 0.783 0.620 0.673 1.009 1.455 0.685 0.779 0.789 0.759 0.763 0.786 0.855 0.859 0.755 0.706 0.569 0.464 0.496 0.581 0.543 0.578 0.407 0.524 0.673 0.388 0.550 0.285 0.309 0.231 0.327 0.169 0.000 0.791 0.679 0.652 0.709 0.622 0.887 1.004 0.948 1.198 1.316 1.242 1.070 1.448 1.202 1.162 1.136 1.140 1.162 1.077 1.073 1.067 1.006 1.115 1.114 1.073 1.049 1.115 1.293 1.218 1.036 0.736 0.819 0.812 0.860 0.796 0.961 0.990 1.064 1.008 0.887 0.881 1.004
0.241 0.215 0.693 0.601 0.418 0.251 0.574 0.447 0.483 0.401 0.298 0.293 0.364 0.374 0.307 0.282 0.167 0.163 0.815 0.116 0.510 0.395 0.226 0.390 0.566 1.099 0.329 0.422 0.433 0.404 0.375 0.362 0.403 0.360 0.127 0.104 0.466 0.432 0.476 0.276 0.251 0.251 0.388 0.269 0.239 0.419 0.295 0.506 0.486 0.614 0.586 0.671 0.791 0.000 0.448 0.405 0.181 0.204 0.103 0.223 0.164 0.841 0.871 0.886 0.424 0.987 0.520 0.690 0.780 0.773 0.667 0.671 0.541 0.712 0.650 0.759 0.759 0.717 0.693 0.759 0.937 0.697 0.370 0.058 0.463 0.457 0.503 0.439 0.556 0.493 0.500 0.413 0.513 0.423 0.400
0.327 0.585 0.505 0.502 0.507 0.218 0.321 0.259 0.438 0.071 0.587 0.339 0.100 0.178 0.157 0.212 0.474 0.595 0.581 0.540 0.317 0.219 0.519 0.074 0.415 0.844 0.135 0.184 0.136 0.138 0.211 0.235 0.262 0.266 0.334 0.502 0.165 0.297 0.234 0.245 0.376 0.341 0.378 0.449 0.434 0.588 0.539 0.501 0.476 0.497 0.405 0.554 0.679 0.448 0.000 0.081 0.605 0.612 0.532 0.661 0.510 0.586 0.710 0.631 0.477 0.842 0.609 0.567 0.525 0.535 0.568 0.482 0.479 0.388 0.408 0.436 0.435 0.468 0.443 0.510 0.613 0.623 0.442 0.435 0.173 0.135 0.227 0.165 0.367 0.396 0.470 0.415 0.293 0.288 0.411
0.277 0.532 0.499 0.494 0.499 0.165 0.328 0.251 0.431 0.019 0.559 0.311 0.048 0.128 0.104 0.160 0.445 0.567 0.585 0.512 0.343 0.181 0.491 0.021 0.407 0.853 0.085 0.177 0.136 0.107 0.161 0.185 0.254 0.258 0.297 0.474 0.215 0.269 0.253 0.216 0.348 0.313 0.349 0.421 0.406 0.559 0.511 0.473 0.448 0.470 0.423 0.527 0.652 0.405 0.081 0.000 0.577 0.584 0.482 0.618 0.460 0.595 0.714 0.640 0.469 0.846 0.601 0.561 0.534 0.538 0.560 0.476 0.471 0.415 0.404 0.463 0.462 0.471 0.447 0.513 0.641 0.617 0.434 0.406 0.167 0.160 0.221 0.158 0.359 0.389 0.463 0.407 0.286 0.280 0.403
0.414 0.354 0.867 0.774 0.591 0.425 0.747 0.620 0.656 0.558 0.205 0.321 0.537 0.547 0.481 0.455 0.186 0.081 0.989 0.119 0.536 0.568 0.173 0.564 0.740 1.272 0.502 0.596 0.606 0.577 0.548 0.536 0.576 0.533 0.299 0.121 0.620 0.460 0.554 0.423 0.276 0.281 0.364 0.239 0.305 0.321 0.222 0.425 0.461 0.549 0.597 0.603 0.709 0.181 0.605 0.577 0.000 0.087 0.242 0.337 0.337 1.014 1.045 1.059 0.598 1.160 0.694 0.864 0.953 0.947 0.840 0.844 0.715 0.886 0.824 0.933 0.933 0.890 0.866 0.932 1.111 0.871 0.544 0.182 0.637 0.630 0.677 0.613 0.730 0.666 0.674 0.587 0.686 0.596 0.573
0.422 0.400 0.875 0.782 0.601 0.433 0.755 0.628 0.666 0.565 0.118 0.324 0.545 0.555 0.489 0.463 0.186 0.124 0.997 0.149 0.538 0.576 0.146 0.571 0.748 1.280 0.510 0.604 0.614 0.585 0.556 0.544 0.584 0.541 0.306 0.121 0.625 0.462 0.556 0.425 0.278 0.284 0.367 0.181 0.308 0.234 0.134 0.338 0.380 0.461 0.514 0.516 0.622 0.204 0.612 0.584 0.087 0.000 0.289 0.383 0.361 1.022 1.055 1.067 0.608 1.170 0.704 0.872 0.961 0.955 0.848 0.852 0.725 0.893 0.831 0.941 0.941 0.898 0.874 0.940 1.119 0.881 0.554 0.186 0.645 0.638 0.685 0.621 0.738 0.674 0.683 0.597 0.694 0.604 0.583
0.277 0.111 0.728 0.648 0.401 0.328 0.640 0.508 0.489 0.484 0.394 0.390 0.440 0.449 0.384 0.357 0.263 0.192 0.826 0.149 0.606 0.461 0.322 0.466 0.618 1.131 0.404 0.489 0.500 0.470 0.441 0.424 0.463 0.420 0.210 0.200 0.558 0.529 0.568 0.368 0.347 0.347 0.484 0.365 0.335 0.515 0.391 0.602 0.582 0.710 0.682 0.767 0.887 0.103 0.532 0.482 0.242 0.289 0.000 0.195 0.107 0.907 0.867 0.920 0.431 0.982 0.503 0.701 0.846 0.784 0.677 0.722 0.548 0.779 0.716 0.827 0.826 0.783 0.759 0.825 1.005 0.704 0.353 0.154 0.530 0.523 0.569 0.505 0.612 0.506 0.507 0.424 0.568 0.483 0.408
0.453 0.159 0.905 0.813 0.585 0.464 0.786 0.659 0.676 0.614 0.494 0.514 0.577 0.586 0.520 0.494 0.387 0.287 1.012 0.244 0.730 0.607 0.427 0.603 0.778 1.311 0.541 0.635 0.645 0.616 0.587 0.574 0.615 0.572 0.340 0.323 0.688 0.653 0.698 0.498 0.471 0.471 0.608 0.489 0.459 0.617 0.492 0.719 0.706 0.834 0.806 0.891 1.004 0.223 0.661 0.618 0.337 0.383 0.195 0.000 0.296 1.053 1.049 1.098 0.616 1.165 0.686 0.887 0.992 0.970 0.863 0.883 0.734 0.924 0.862 0.972 0.971 0.929 0.905 0.971 1.149 0.888 0.540 0.278 0.676 0.669 0.715 0.651 0.768 0.692 0.693 0.610 0.725 0.635 0.594
0.214 0.147 0.631 0.552 0.304 0.314 0.545 0.412 0.393 0.473 0.454 0.450 0.412 0.364 0.364 0.302 0.324 0.289 0.729 0.246 0.667 0.366 0.382 0.439 0.522 1.034 0.375 0.394 0.405 0.376 0.346 0.329 0.368 0.325 0.237 0.260 0.604 0.583 0.616 0.415 0.407 0.403 0.544 0.425 0.395 0.576 0.452 0.662 0.642 0.771 0.742 0.827 0.948 0.164 0.510 0.460 0.337 0.361 0.107 0.296 0.000 0.812 0.770 0.823 0.334 0.886 0.407 0.604 0.751 0.687 0.581 0.626 0.452 0.685 0.622 0.732 0.732 0.688 0.665 0.730 0.910 0.607 0.257 0.214 0.436 0.429 0.475 0.411 0.515 0.410 0.410 0.327 0.472 0.388 0.311
0.630 0.937 0.237 0.282 0.517 0.657 0.306 0.411 0.493 0.609 1.023 0.841 0.548 0.500 0.547 0.559 0.897 1.003 0.112 0.949 0.897 0.454 0.950 0.574 0.297 0.258 0.512 0.419 0.508 0.489 0.474 0.497 0.484 0.498 0.740 0.915 0.751 0.815 0.807 0.748 0.850 0.815 0.881 0.919 0.903 1.061 0.994 1.005 0.979 1.015 0.975 1.073 1.198 0.841 0.586 0.595 1.014 1.022 0.907 1.053 0.812 0.000 0.194 0.045 0.487 0.301 0.449 0.237 0.116 0.179 0.276 0.260 0.367 0.198 0.191 0.164 0.192 0.124 0.149 0.113 0.118 0.293 0.560 0.846 0.429 0.455 0.376 0.438 0.302 0.424 0.408 0.493 0.345 0.435 0.530
0.681 0.890 0.254 0.299 0.473 0.751 0.424 0.529 0.507 0.727 1.057 0.934 0.666 0.618 0.665 0.664 0.930 1.034 0.166 0.980 1.016 0.572 0.984 0.692 0.384 0.302 0.630 0.537 0.633 0.607 0.592 0.616 0.565 0.539 0.798 0.948 0.876 0.933 0.926 0.862 0.910 0.875 1.000 0.977 0.962 1.120 1.053 1.123 1.098 1.134 1.093 1.191 1.316 0.871 0.710 0.714 1.045 1.055 0.867 1.049 0.770 0.194 0.000 0.148 0.450 0.150 0.363 0.209 0.280 0.176 0.248 0.287 0.358 0.338 0.309 0.329 0.353 0.271 0.267 0.277 0.289 0.174 0.525 0.878 0.548 0.579 0.494 0.556 0.420 0.461 0.371 0.488 0.464 0.516 0.525
0.675 0.947 0.223 0.309 0.523 0.702 0.351 0.456 0.538 0.654 1.068 0.886 0.593 0.544 0.592 0.604 0.942 1.048 0.094 0.994 0.942 0.499 0.995 0.619 0.342 0.233 0.557 0.463 0.554 0.534 0.519 0.542 0.529 0.543 0.785 0.960 0.796 0.860 0.852 0.792 0.895 0.860 0.926 0.963 0.948 1.106 1.039 1.050 1.024 1.060 1.019 1.118 1.242 0.886 0.631 0.640 1.059 1.067 0.920 1.098 0.823 0.045 0.148 0.000 0.492 0.259 0.431 0.219 0.161 0.161 0.258 0.255 0.400 0.243 0.236 0.209 0.237 0.169 0.194 0.158 0.157 0.275 0.567 0.891 0.474 0.500 0.421 0.483 0.347 0.469 0.413 0.529 0.390 0.480 0.566
0.260 0.457 0.300 0.221 0.031 0.424 0.256 0.219 0.109 0.483 0.610 0.599 0.422 0.373 0.400 0.338 0.483 0.587 0.398 0.533 0.771 0.288 0.537 0.448 0.191 0.703 0.385 0.293 0.391 0.363 0.307 0.297 0.238 0.213 0.377 0.501 0.642 0.669 0.681 0.536 0.557 0.542 0.675 0.575 0.545 0.726 0.607 0.799 0.773 0.889 0.848 0.946 1.070 0.424 0.477 0.469 0.598 0.608 0.431 0.616 0.334 0.487 0.450 0.492 0.000 0.566 0.132 0.273 0.426 0.356 0.249 0.294 0.120 0.372 0.296 0.420 0.420 0.363 0.339 0.405 0.598 0.276 0.077 0.431 0.305 0.342 0.254 0.312 0.185 0.125 0.079 0.064 0.188 0.189 0.092
0.796 1.006 0.370 0.414 0.589 0.866 0.556 0.658 0.623 0.859 1.172 1.050 0.798 0.750 0.797 0.780 1.046 1.149 0.303 1.095 1.147 0.704 1.099 0.824 0.500 0.152 0.762 0.669 0.764 0.739 0.724 0.739 0.680 0.655 0.914 1.063 1.007 1.065 1.058 0.978 1.025 0.990 1.117 1.092 1.077 1.235 1.168 1.240 1.215 1.265 1.225 1.323 1.448 0.987 0.842 0.846 1.160 1.170 0.982 1.165 0.886 0.301 0.150 0.259 0.566 0.000 0.479 0.324 0.417 0.307 0.363 0.402 0.473 0.470 0.441 0.458 0.485 0.407 0.399 0.413 0.278 0.290 0.640 0.994 0.680 0.711 0.626 0.688 0.548 0.576 0.487 0.603 0.595 0.631 0.640
0.392 0.527 0.239 0.179 0.110 0.556 0.318 0.351 0.240 0.614 0.742 0.731 0.553 0.505 0.532 0.470 0.615 0.683 0.337 0.629 0.902 0.419 0.669 0.579 0.206 0.631 0.516 0.424 0.523 0.495 0.439 0.429 0.370 0.344 0.509 0.604 0.774 0.801 0.813 0.668 0.688 0.674 0.807 0.707 0.677 0.857 0.738 0.930 0.905 1.020 0.980 1.078 1.202 0.520 0.609 0.601 0.694 0.704 0.503 0.686 0.407 0.449 0.363 0.431 0.132 0.479 0.000 0.212 0.398 0.295 0.184 0.266 0.136 0.376 0.279 0.418 0.395 0.335 0.312 0.377 0.567 0.203 0.197 0.558 0.436 0.474 0.386 0.443 0.247 0.234 0.140 0.196 0.320 0.321 0.224
0.472 0.728 0.062 0.090 0.304 0.542 0.271 0.335 0.321 0.575 0.872 0.725 0.514 0.465 0.512 0.456 0.746 0.853 0.125 0.799 0.863 0.404 0.799 0.540 0.179 0.430 0.477 0.384 0.483 0.454 0.424 0.414 0.356 0.330 0.589 0.765 0.732 0.779 0.773 0.653 0.701 0.666 0.792 0.768 0.753 0.911 0.844 0.916 0.891 0.981 0.940 1.038 1.162 0.690 0.567 0.561 0.864 0.872 0.701 0.887 0.604 0.237 0.209 0.219 0.273 0.324 0.212 0.000 0.203 0.083 0.039 0.095 0.181 0.212 0.168 0.251 0.231 0.163 0.140 0.182 0.355 0.056 0.348 0.695 0.395 0.434 0.341 0.403 0.227 0.252 0.194 0.310 0.301 0.307 0.347
